ST	wzi	Ktype
1	1	K1
2	2	K2
3	3	K3
4	4	K2
5	5	K5
6	6	K6
7	7	K7
8	8	K8
9	9	K9
10	10	K10
11	11	K11
12	12	K12K29
13	13	K13
14	14	K14
15	15	K35
16	16	K16
17	17	K14
18	18	K18
19	19	K19
20	20	K20
21	21	K21
22	22	K22.37
23	23	K23K14
24	24	K24
25	25	K25
26	26	K27
27	27	K27
28	28	K28
29	29	K41
30	30	K30
31	31	K31
32	32	K31
33	33	
34	34	K34
35	35	K35
36	36	K36
37	37	K22.37
38	38	K38
39	39	K39
40	40	K3
41	41	
42	42	K42
43	43	K43
44	44	
45	45	K45
46	46	K46K61
47	47	K47
48	48	K48
49	49	K49
50	50	K15K17K50K51K52
51	51	K27
52	52	K52
53	53	K53
54	54	K54
55	55	K55
56	56	K56
57	57	K57
58	58	K58
59	59	K3
60	60	K60
61	61	K22.37
62	62	K62
63	63	K63
64	64	K14.K64
65	65	
66	66	K54
67	67	
68	68	
69	69	K_P2008
70	70	
71	71	K71
72	72	K2
73	73	
74	74	K47
75	75	
76	76	K58
77	77	K57
78	78	K6
79	79	K10
80	80	K80
81	81	K81
82	82	K23
83	83	K23
84	84	K28
85	85	K30
86	86	
87	87	
88	88	
89	89	
90	90	K37
91	91	K14
92	92	K14
93	93	K60
94	94	
95	95	K20
96	96	K38
97	97	
98	98	K35
99	99	K31
100	100	K10
101	101	K24
102	102	K31
103	103	K2
104	104	
105	105	K47
106	106	K11
107	107	K22.37
108	108	K80
109	109	
110	110	
111	111	K25
112	112	K19
113	113	K26
114	114	K30
115	115	K54
116	116	
117	117	
118	118	
119	119	K25
120	120	K22.37
121	121	K43
122	122	
123	123	
124	124	K41
125	125	K2
126	126	K2
127	127	K4
128	128	K1
129	129	K4
130	130	
131	131	K3
132	132	K3
133	133	K25
134	134	K30
135	135	K3
136	136	K35
137	137	K17
138	138	K30
139	139	
140	140	K55
141	141	
142	142	K19
143	143	
144	144	K32
145	145	K35
146	146	K44
147	147	K79
148	148	K72
149	149	K62
150	150	
151	151	
152	152	
153	153	
154	154	
155	155	K35
156	156	K1
157	157	
158	158	
159	159	
160	160	
161	161	
162	162	K35
163	163	
164	164	K113
165	165	
166	166	
167	167	
168	168	
169	169	K23
170	170	
171	171	
172	172	K1
173	173	
174	174	
175	175	
176	176	
177	177	
178	178	
179	179	
180	180	
181	181	
182	182	
183	183	
184	184	
185	185	
186	186	
187	187	
188	188	
189	189	
190	190	
191	191	
192	192	
193	193	
194	194	
195	195	
196	196	
197	197	
198	198	
199	199	
200	200	
201	201	
202	202	
203	203	
204	204	
205	205	
206	206	
207	207	
208	208	
209	209	
210	210	
211	211	
212	212	
213	213	
214	214	
215	215	
216	216	
217	217	
218	218	
219	219	
220	220	
221	221	
222	222	
223	223	
224	224	
225	225	
226	226	
227	227	
228	228	
229	229	
230	230	
231	231	
232	232	
233	233	
234	234	
235	235	
236	236	
237	237	
238	238	
239	239	
240	240	
241	241	
242	242	
243	243	
244	244	
245	245	
246	246	
247	247	
248	248	
249	249	
250	250	
251	251	
252	252	
253	253	
254	254	
255	255	
256	256	
257	257	
258	258	
259	259	
260	260	
261	261	
262	262	
263	263	
264	264	
265	265	
266	266	
267	267	
268	268	
269	269	
270	270	
271	271	
272	272	
273	273	
274	274	
275	275	
276	276	
277	277	
278	278	
279	279	
280	280	
281	281	
282	282	
283	283	
284	284	
285	285	
286	286	
287	287	
288	288	
289	289	
290	290	
291	291	
292	292	
293	293	
294	294	
295	295	
296	296	
297	297	
298	298	
299	299	
300	300	
301	301	
302	302	
303	303	
304	304	
305	305	
306	306	
307	307	
308	308	
309	309	
310	310	
311	311	
312	312	
313	313	
314	314	
315	315	
316	316	
317	317	
318	318	
319	319	
320	320	
321	321	
322	322	
323	323	
324	324	
325	325	
326	326	
327	327	
328	328	
329	329	
330	330	
331	331	
332	332	
333	333	
334	334	
335	335	
336	336	
337	337	
338	338	
339	339	
340	340	
341	341	
342	342	
343	343	
344	344	
345	345	
346	346	
347	347	
348	348	
349	349	
350	350	
351	351	
352	352	
353	353	
354	354	
355	355	
356	356	
357	357	
358	358	
359	359	
360	360	
361	361	
362	362	
363	363	
364	364	
365	365	
366	366	
367	367	
368	368	
369	369	
370	370	
371	371	
372	372	
373	373	
374	374	
375	375	
376	376	
377	377	
378	378	
379	379	
380	380	
381	381	
382	382	
383	383	
384	384	
385	385	
386	386	
387	387	
388	388	
389	389	
390	390	
391	391	
392	392	
393	393	
394	394	
395	395	
396	396	
397	397	
398	398	
399	399	
400	400	
401	401	
402	402	
403	403	
404	404	
405	405	
406	406	
407	407	
408	408	
409	409	
410	410	
411	411	
412	412	
413	413	
414	414	
415	415	
416	416	
417	417	
418	418	
419	419	
420	420	
421	421	
422	422	
423	423	
424	424	
425	425	
426	426	
427	427	
428	428	
429	429	
430	430	
431	431	
432	432	
433	433	
434	434	
435	435	
436	436	
437	437	
438	438	
439	439	
440	440	
441	441	
442	442	
443	443	
444	444	
445	445	
446	446	
447	447	
448	448	
449	449	
450	450	
451	451	
452	452	
453	453	
454	454	
455	455	
456	456	
457	457	
458	458	
459	459	
460	460	
461	461	
462	462	
463	463	
464	464	
465	465	
466	466	
467	467	
468	468	
469	469	
470	470	
471	471	
472	472	
473	473	
474	474	
475	475	
476	476	
477	477	
478	478	
479	479	
480	480	
481	481	
482	482	
483	483	
484	484	